017820668257
017820677730
017820681981
018123704023
018332159457
018392378731
020348307124
021138509509
021891573297
021891584527
022499004810
024848459086
029620356096
058264132384
058264165121
058264299901
058264327750
058264338198
058264409365
058264450151
058593175894
060914008065
061039771915
067133324816
068067886332
075354070244
150892776685
151609635614
152710008895
153133949317
155063311524
156373660957
159282708958
163369383259
165387667510
165455695893
165511281193
166870504804
168118922028
172317423198
174410608835
175462104278
180237959224
182399690804
182399724647
187448424763
187591451505
188614180312
190361562985
190524278054
191350228305
192102784834
192227633366
195401645958
197051670645
199567607212
201630761522
202265723687
202938482690
204344223059
209949562629
211125498312
211125693230
211125705580
211125725538
211125762263
214054715817
216859158314